utm_origin_lat: 58.385345
utm_origin_lon: 26.726272
undulation: 18.8